   10.0000  1.243705E+12
   10.7152  1.302205E+12
   11.4815  1.363444E+12
   12.3027  1.427551E+12
   13.1826  1.494657E+12
   14.1254  1.564900E+12
   15.1356  1.638424E+12
   16.2181  1.715381E+12
   17.3780  1.795925E+12
   18.6209  1.880222E+12
   19.9526  1.968442E+12
   21.3796  2.060762E+12
   22.9087  2.157367E+12
   24.5471  2.258450E+12
   26.3027  2.364210E+12
   28.1838  2.474856E+12
   30.1995  2.590602E+12
   32.3594  2.711674E+12
   34.6737  2.838303E+12
   37.1535  2.970732E+12
   39.8107  3.109206E+12
   42.6580  3.253983E+12
   45.7088  3.405330E+12
   48.9779  3.563517E+12
   52.4807  3.728829E+12
   56.2341  3.901548E+12
   60.2560  4.081975E+12
   64.5654  4.270406E+12
   69.1831  4.467151E+12
   74.1310  4.672518E+12
   79.4328  4.886828E+12
   85.1138  5.110388E+12
   91.2011  5.343522E+12
   97.7237  5.586546E+12
   104.713  5.839768E+12
   112.202  6.103496E+12
   120.226  6.378027E+12
   128.825  6.663644E+12
   138.038  6.960616E+12
   147.911  7.269187E+12
   158.489  7.589576E+12
   169.824  7.921970E+12
   181.970  8.266517E+12
   194.984  8.623319E+12
   208.930  8.992424E+12
   223.872  9.373812E+12
   239.883  9.767391E+12
   257.040  1.017298E+13
   275.423  1.059029E+13
   295.121  1.101895E+13
   316.228  1.145844E+13
   338.844  1.190806E+13
   363.078  1.236702E+13
   389.045  1.283428E+13
   416.869  1.330867E+13
   446.684  1.378872E+13
   478.630  1.427278E+13
   512.861  1.475890E+13
   549.541  1.524486E+13
   588.844  1.572814E+13
   630.957  1.620588E+13
   676.083  1.667489E+13
   724.436  1.713164E+13
   776.247  1.757219E+13
   831.764  1.799230E+13
   891.251  1.838734E+13
   954.992  1.875233E+13
   1023.29  1.908198E+13
   1096.48  1.937072E+13
   1174.90  1.961276E+13
   1258.93  1.980217E+13
   1348.96  1.993292E+13
   1445.44  1.999907E+13
   1548.82  1.999483E+13
   1659.59  1.991478E+13
   1778.28  1.975396E+13
   1905.46  1.950816E+13
   2041.74  1.917403E+13
   2187.76  1.874941E+13
   2344.23  1.823342E+13
   2511.89  1.762676E+13
   2691.53  1.693188E+13
   2884.03  1.615310E+13
   3090.30  1.529679E+13
   3311.31  1.437132E+13
   3548.13  1.338711E+13
   3801.89  1.235645E+13
   4073.80  1.129330E+13
   4365.16  1.021293E+13
   4677.35  9.131484E+12
   5011.87  8.065453E+12
   5370.32  7.031080E+12
   5754.40  6.043692E+12
   6165.95  5.117066E+12
   6606.93  4.262826E+12
   7079.46  3.489937E+12
   7585.77  2.804331E+12
   8128.30  2.208729E+12
   8709.63  1.702647E+12
   9332.54  1.282619E+12
   10000.0  9.426196E+11
